 
It no:-   Time    Group         x-vel y-vel z-vel  Eq_IN1 Eq_IN2    Result_1 Result_2

765      1.7976   0.0023941     12411 5700 12411     2    12      1
                   Group #1:     4137  781 4137                     2.7e-16  2.7e-16
                   Group #2:     4137 4138 4137                           0        0
                   Group #3:     4137  781 4137                     1.4e-13  1.1e-15
 766         1.8   0.0023941 out 12426 5707 12426     2    12      1
                   Group #1:     4142  782 4142                     2.7e-17  2.7e-17
                   Group #2:     4142 4143 4142                           0        0
                   Group #3:     4142  782 4142                     1.6e-13  1.9e-15
 767      1.8024   0.0023941     12441 5714 12441     2    12      1
                   Group #1:     4147  783 4147                     1.4e-16  1.4e-16
                   Group #2:     4147 4148 4147                           0        0
                   Group #3:     4147  783 4147                       1e-13  3.4e-15
 768      1.8048   0.0023941     12459 5722 12459     2    12      1
                   Group #1:     4153  784 4153                     1.2e-16  1.2e-16
                   Group #2:     4153 4154 4153                           0        0
                   Group #3:     4153  784 4153                       8e-14  3.5e-15
 769      1.8072   0.0023941     12474 5729 12474     2    12      1
                   Group #1:     4158  785 4158                     1.6e-16  1.6e-16
                   Group #2:     4158 4159 4158                           0        0
                   Group #3:     4158  785 4158                       9e-14  4.2e-15
 770       1.812   0.0047881     12492 5737 12492     2    12      1
                   Group #1:     4164  786 4164                     2.1e-17  2.1e-17
                   Group #2:     4164 4165 4164                     1.1e-16  1.1e-16
                   Group #3:     4164  786 4164                     1.4e-14  2.4e-15
 771      1.8122  0.00018145     12582 5779 12582     2    17      1
                   Group #1:     4194  792 4194                     2.1e-17  2.1e-17
                   Group #2:     4194 4195 4194                           0        0
                   Group #3:     4194  792 4194                     1.4e-12  8.1e-15
 772      1.8123  0.00016126     12597 5786 12597     2    17      1
                   Group #1:     4199  793 4199                     1.3e-16  1.3e-16
                   Group #2:     4199 4200 4199                           0        0
                   Group #3:     4199  793 4199                     5.5e-13  3.7e-15
 773      1.8125  0.00013715     12612 5793 12612     2    17      1
                   Group #1:     4204  794 4204                     2.6e-17  2.6e-17
                   Group #2:     4204 4205 4204                           0        0
                   Group #3:     4204  794 4204                     4.4e-13  3.5e-15
 774      1.8126  0.00013715     12627 5800 12627     2    17      1
                   Group #1:     4209  795 4209                     1.6e-16  1.6e-16
                   Group #2:     4209 4210 4209                           0        0
                   Group #3:     4209  795 4209                     2.6e-13    6e-15
 775      1.8127  0.00013715     12642 5807 12642     2    17      1
                   Group #1:     4214  796 4214                     7.9e-17  7.9e-17
                   Group #2:     4214 4215 4214                     1.2e-16  1.2e-16
                   Group #3:     4214  796 4214                     1.2e-12  2.9e-15
 776       1.813   0.0002743     12657 5814 12657     2    17      1
                   Group #1:     4219  797 4219                     1.6e-16  1.6e-16
                   Group #2:     4219 4220 4219                           0        0
                   Group #3:     4219  797 4219                     8.9e-13  2.2e-15
 777      1.8135   0.0005486     12672 5821 12672     2    17      1
                   Group #1:     4224  798 4224                     1.4e-16  1.4e-16
                   Group #2:     4224 4225 4224                     1.4e-16  1.4e-16
                   Group #3:     4224  798 4224                     9.6e-14    5e-15
 778      1.8146   0.0010972     12687 5828 12687     2    17      1
                   Group #1:     4229  799 4229                     1.5e-16  1.5e-16
                   Group #2:     4229 4230 4229                           0        0
                   Group #3:     4229  799 4229                     2.6e-13  7.2e-15
 779      1.8168   0.0021944     12702 5835 12702     2    17      1
                   Group #1:     4234  800 4234                     3.2e-17  3.2e-17
                   Group #2:     4234 4235 4234                           0        0
                   Group #3:     4234  800 4234                     1.3e-13  9.7e-16
 780      1.8184   0.0015805     12717 5842 12717     2    17      1
                   Group #1:     4239  801 4239                     1.9e-16  1.9e-16
                   Group #2:     4239 4240 4239                           0        0
                   Group #3:     4239  801 4239                     3.3e-13  7.6e-15
 781        1.82   0.0015805 out 12732 5849 12732     2    17      1
                   Group #1:     4244  802 4244                     1.9e-16  1.9e-16
                   Group #2:     4244 4245 4244                           0        0
                   Group #3:     4244  802 4244                     2.2e-13  5.9e-15
 782      1.8232    0.003161     12753 5858 12753     2    17      1
                   Group #1:     4251  803 4251                     1.8e-16  1.8e-16
                   Group #2:     4251 4252 4251                           0        0
                   Group #3:     4251  803 4251                     1.9e-14    3e-15
 783      1.8263    0.003161     12768 5865 12768     2    17      1
                   Group #1:     4256  804 4256                     1.8e-16  1.8e-16
                   Group #2:     4256 4257 4256                           0        0
                   Group #3:     4256  804 4256                     3.9e-14  7.2e-16
 784      1.8295    0.003161     12786 5873 12786     2    17      1
                   Group #1:     4262  805 4262                     9.4e-17  9.4e-17
                   Group #2:     4262 4263 4262                     1.4e-16  1.4e-16
                   Group #3:     4262  805 4262                     3.7e-14  3.6e-15
 785      1.8326    0.003161     12801 5880 12801     2    17      1
                   Group #1:     4267  806 4267                     9.5e-17  9.5e-17
                   Group #2:     4267 4268 4267                           0        0
                   Group #3:     4267  806 4267                     3.3e-14  6.4e-16
 786      1.8358    0.003161     12816 5887 12816     2    17      1
                   Group #1:     4272  807 4272                     9.2e-17  9.2e-17
                   Group #2:     4272 4273 4272                           0        0
                   Group #3:     4272  807 4272                     1.1e-14    1e-15
 787      1.8379   0.0020975     12834 5895 12834     2    17      1
                   Group #1:     4278  808 4278                     2.8e-16  2.8e-16
                   Group #2:     4278 4279 4278                           0        0
                   Group #3:     4278  808 4278                     1.1e-13  2.3e-15
 788        1.84   0.0020975 out 12849 5902 12849     2    17      1
                   Group #1:     4283  809 4283                     1.1e-17  1.1e-17
                   Group #2:     4283 4284 4283                           0        0
                   Group #3:     4283  809 4283                     1.7e-13  1.2e-15
 789      1.8442   0.0041949     12867 5910 12867     2    17      1
                   Group #1:     4289  810 4289                     2.1e-17  2.1e-17
                   Group #2:     4289 4290 4289                           0        0
                   Group #3:     4289  810 4289                     1.2e-14  2.5e-15
 790      1.8484   0.0041949     12888 5919 12888     2    17      1
                   Group #1:     4296  811 4296                     1.1e-17  1.1e-17
                   Group #2:     4296 4297 4296                           0        0
                   Group #3:     4296  811 4296                     5.8e-14  4.2e-15
 791      1.8526   0.0041949     12903 5926 12903     2    17      1
                   Group #1:     4301  812 4301                     1.5e-16  1.5e-16
                   Group #2:     4301 4302 4301                           0        0
                   Group #3:     4301  812 4301                     1.6e-13  7.3e-16
 792      1.8563   0.0037076     12921 5934 12921     2    17      1
                   Group #1:     4307  813 4307                     1.6e-16  1.6e-16
                   Group #2:     4307 4308 4307                           0        0
                   Group #3:     4307  813 4307                     9.1e-14  3.4e-15
 793        1.86   0.0037076 out 12942 5943 12942     2    17      1
                   Group #1:     4314  814 4314                     7.8e-17  7.8e-17
                   Group #2:     4314 4315 4314                           0        0
                   Group #3:     4314  814 4314                     1.7e-13  3.5e-15
 794      1.8637   0.0037076     12957 5950 12957     2    17      1
                   Group #1:     4319  815 4319                     1.6e-16  1.6e-16
                   Group #2:     4319 4320 4319                           0        0
                   Group #3:     4319  815 4319                     8.1e-14  7.1e-16
 795      1.8674   0.0037076     12972 5957 12972     2    17      1
                   Group #1:     4324  816 4324                     3.5e-17  3.5e-17
                   Group #2:     4324 4325 4324                           0        0
                   Group #3:     4324  816 4324                       1e-14  1.5e-15
 796      1.8711   0.0037076     12990 5965 12990     2    17      1
                   Group #1:     4330  817 4330                     1.7e-16  1.7e-16
                   Group #2:     4330 4331 4330                           0        0
                   Group #3:     4330  817 4330                     5.2e-14  3.2e-15
 797      1.8748   0.0037076     13005 5972 13005     2    17      1
                   Group #1:     4335  818 4335                     1.6e-16  1.6e-16
                   Group #2:     4335 4336 4335                           0        0
                   Group #3:     4335  818 4335                     1.7e-14  1.2e-15
 798      1.8774   0.0025848     13020 5979 13020     2    17      1
                   Group #1:     4340  819 4340                       2e-17    2e-17
                   Group #2:     4340 4341 4340                           0        0
                   Group #3:     4340  819 4340                     4.2e-14  3.3e-15
 799        1.88   0.0025848 out 13035 5986 13035     2    17      1
                   Group #1:     4345  820 4345                     6.5e-17  6.5e-17
                   Group #2:     4345 4346 4345                           0        0
                   Group #3:     4345  820 4345                     1.6e-13  4.6e-15
 800      1.8826   0.0025848     13050 5993 13050     2    17      1
                   Group #1:     4350  821 4350                       5e-17    5e-17
                   Group #2:     4350 4351 4350                           0        0
                   Group #3:     4350  821 4350                     9.8e-14  3.1e-15
 801      1.8852   0.0025848     13065 6000 13065     2    17      1
                   Group #1:     4355  822 4355                     6.3e-17  6.3e-17
                   Group #2:     4355 4356 4355                           0        0
                   Group #3:     4355  822 4355                       7e-14  2.3e-15
 802      1.8878   0.0025848     13080 6007 13080     2    17      1
                   Group #1:     4360  823 4360                     3.5e-17  3.5e-17
                   Group #2:     4360 4361 4360                           0        0
                   Group #3:     4360  823 4360                     4.2e-14  8.6e-16
 803      1.8903   0.0025848     13095 6014 13095     2    17      1
                   Group #1:     4365  824 4365                     1.1e-16  1.1e-16
                   Group #2:     4365 4366 4365                           0        0
                   Group #3:     4365  824 4365                     8.5e-14  6.7e-16
 804      1.8921   0.0017676     13125 6028 13125     2    18      1
                   Group #1:     4375  826 4375                     1.7e-16  1.7e-16
                   Group #2:     4375 4376 4375                           0        0
                   Group #3:     4375  826 4375                     8.6e-14  3.8e-15
 805      1.8937   0.0015909     13140 6035 13140     2    18      1
                   Group #1:     4380  827 4380                     9.6e-17  9.6e-17
                   Group #2:     4380 4381 4380                           0        0
                   Group #3:     4380  827 4380                       4e-14    3e-15
 806      1.8953   0.0015909     13155 6042 13155     2    18      1
                   Group #1:     4385  828 4385                     1.7e-17  1.7e-17
                   Group #2:     4385 4386 4385                           0        0
                   Group #3:     4385  828 4385                     1.4e-13  6.6e-15
 807      1.8969   0.0015909     13170 6049 13170     2    18      1
                   Group #1:     4390  829 4390                     1.8e-16  1.8e-16
                   Group #2:     4390 4391 4390                           0        0
                   Group #3:     4390  829 4390                       6e-14  3.4e-15
 808      1.8984   0.0015602     13185 6056 13185     2    18      1
                   Group #1:     4395  830 4395                     9.8e-17  9.8e-17
                   Group #2:     4395 4396 4395                           0        0
                   Group #3:     4395  830 4395                     4.9e-13  4.3e-15
 809         1.9   0.0015602 out 13200 6063 13200     2    18      1
                   Group #1:     4400  831 4400                     5.3e-17  5.3e-17
                   Group #2:     4400 4401 4400                           0        0
                   Group #3:     4400  831 4400                     6.3e-14  4.6e-15
 810      1.9016   0.0015602     13215 6070 13215     2    18      1
                   Group #1:     4405  832 4405                     9.4e-17  9.4e-17
                   Group #2:     4405 4406 4405                           0        0
                   Group #3:     4405  832 4405                     1.7e-13  2.9e-15
 811      1.9047   0.0031204     13233 6078 13233     2    18      1
                   Group #1:     4411  833 4411                     3.7e-16  3.7e-16
                   Group #2:     4411 4412 4411                           0        0
                   Group #3:     4411  833 4411                     6.1e-14    3e-15
 812      1.9078   0.0031204     13251 6086 13251     2    18      1
                   Group #1:     4417  834 4417                     1.9e-16  1.9e-16
                   Group #2:     4417 4418 4417                           0        0
                   Group #3:     4417  834 4417                     1.3e-13    4e-15
 813      1.9139   0.0060994     13281 6098 13281     2    18      1
                   Group #1:     4427  835 4427                     2.1e-16  2.1e-16
                   Group #2:     4427 4428 4427                           0        0
                   Group #3:     4427  835 4427                     7.3e-14  1.5e-15
 814       1.917   0.0030497     13299 6106 13299     2    18      1
                   Group #1:     4433  836 4433                     1.9e-16  1.9e-16
                   Group #2:     4433 4434 4433                           0        0
                   Group #3:     4433  836 4433                     6.1e-14  4.8e-15
 815        1.92   0.0030497 out 13314 6113 13314     2    18      1
                   Group #1:     4438  837 4438                     9.9e-17  9.9e-17
                   Group #2:     4438 4439 4438                           0        0
                   Group #3:     4438  837 4438                     8.5e-14  7.7e-16
 816       1.923   0.0030497     13329 6120 13329     2    18      1
                   Group #1:     4443  838 4443                     9.9e-17  9.9e-17
                   Group #2:     4443 4444 4443                           0        0
                   Group #3:     4443  838 4443                     9.9e-14  1.1e-15
 817      1.9261   0.0030497     13344 6127 13344     2    18      1
                   Group #1:     4448  839 4448                       1e-16    1e-16
                   Group #2:     4448 4449 4448                           0        0
                   Group #3:     4448  839 4448                     2.7e-14    7e-16
 818      1.9291   0.0030497     13368 6137 13368     2    18      1
                   Group #1:     4456  840 4456                     2.1e-16  2.1e-16
                   Group #2:     4456 4457 4456                           0        0
                   Group #3:     4456  840 4456                     1.3e-13  1.3e-15
 819      1.9322   0.0030497     13383 6144 13383     2    18      1
                   Group #1:     4461  841 4461                     1.9e-16  1.9e-16
                   Group #2:     4461 4462 4461                           0        0
                   Group #3:     4461  841 4461                     1.3e-13    9e-16
 820      1.9352   0.0030497     13404 6153 13404     2    18      1
                   Group #1:     4468  842 4468                     1.9e-16  1.9e-16
                   Group #2:     4468 4469 4468                           0        0
                   Group #3:     4468  842 4468                     9.8e-14  1.5e-15
 821      1.9359  0.00064198     13449 6174 13449     2    20      1
                   Group #1:     4483  845 4483                       6e-17    6e-17
                   Group #2:     4483 4484 4483                           0        0
                   Group #3:     4483  845 4483                     2.2e-13  1.4e-14
 822      1.9365  0.00057778     13464 6181 13464     2    20      1
                   Group #1:     4488  846 4488                       3e-17    3e-17
                   Group #2:     4488 4489 4488                           0        0
                   Group #3:     4488  846 4488                     5.6e-14  3.6e-15
 823       1.937  0.00048686     13479 6188 13479     2    20      1
                   Group #1:     4493  847 4493                     7.8e-17  7.8e-17
                   Group #2:     4493 4494 4493                           0        0
                   Group #3:     4493  847 4493                     3.4e-13  3.2e-15
 824      1.9374  0.00048686     13494 6195 13494     2    20      1
                   Group #1:     4498  848 4498                     7.8e-17  7.8e-17
                   Group #2:     4498 4499 4498                           0        0
                   Group #3:     4498  848 4498                     3.4e-13  4.4e-15
 825      1.9379  0.00048686     13509 6202 13509     2    20      1
                   Group #1:     4503  849 4503                     1.7e-16  1.7e-16
                   Group #2:     4503 4504 4503                           0        0
                   Group #3:     4503  849 4503                     3.6e-13  5.6e-15
 826      1.9384  0.00048686     13524 6209 13524     2    20      1
                   Group #1:     4508  850 4508                     1.7e-16  1.7e-16
                   Group #2:     4508 4509 4508                           0        0
                   Group #3:     4508  850 4508                     1.5e-13  6.8e-15
 827      1.9392  0.00079209     13539 6216 13539     2    20      1
                   Group #1:     4513  851 4513                     1.3e-17  1.3e-17
                   Group #2:     4513 4514 4513                           0        0
                   Group #3:     4513  851 4513                     2.6e-13  4.6e-15
 828        1.94  0.00079209 out 13554 6223 13554     2    20      1
                   Group #1:     4518  852 4518                     2.9e-17  2.9e-17
                   Group #2:     4518 4519 4518                           0        0
                   Group #3:     4518  852 4518                     5.3e-14  3.7e-15
 829      1.9416   0.0015842     13569 6230 13569     2    20      1
                   Group #1:     4523  853 4523                     9.8e-17  9.8e-17
                   Group #2:     4523 4524 4523                           0        0
                   Group #3:     4523  853 4523                     3.1e-14  1.1e-15
 830      1.9448   0.0031684     13584 6237 13584     2    20      1
                   Group #1:     4528  854 4528                     2.8e-17  2.8e-17
                   Group #2:     4528 4529 4528                           0        0
                   Group #3:     4528  854 4528                     1.6e-13  1.3e-14
 831      1.9479   0.0031684     13611 6248 13611     2    20      1
                   Group #1:     4537  855 4537                     9.2e-17  9.2e-17
                   Group #2:     4537 4538 4537                           0        0
                   Group #3:     4537  855 4537                       2e-14  1.1e-15
 832      1.9511   0.0031684     13629 6256 13629     2    20      1
                   Group #1:     4543  856 4543                     9.5e-17  9.5e-17
                   Group #2:     4543 4544 4543                           0        0
                   Group #3:     4543  856 4543                     9.3e-15  4.3e-15
 833      1.9543   0.0031684     13650 6265 13650     2    20      1
                   Group #1:     4550  857 4550                     2.1e-16  2.1e-16
                   Group #2:     4550 4551 4550                           0        0
                   Group #3:     4550  857 4550                     1.6e-13    4e-15
 834      1.9571   0.0028712     13665 6272 13665     2    20      1
                   Group #1:     4555  858 4555                     5.7e-17  5.7e-17
                   Group #2:     4555 4556 4555                     1.3e-16  1.3e-16
                   Group #3:     4555  858 4555                     1.8e-13  6.8e-16
 835        1.96   0.0028712 out 13680 6279 13680     2    20      1
                   Group #1:     4560  859 4560                     5.2e-17  5.2e-17
                   Group #2:     4560 4561 4560                           0        0
                   Group #3:     4560  859 4560                     6.8e-14  1.9e-15
 836      1.9629   0.0028712     13698 6287 13698     2    20      1
                   Group #1:     4566  860 4566                     5.5e-17  5.5e-17
                   Group #2:     4566 4567 4566                     1.2e-16  1.2e-16
                   Group #3:     4566  860 4566                     1.4e-13  4.1e-15
 837      1.9657   0.0028712     13719 6296 13719     2    20      1
                   Group #1:     4573  861 4573                     2.3e-16  2.3e-16
                   Group #2:     4573 4574 4573                     1.3e-16  1.3e-16
                   Group #3:     4573  861 4573                     2.9e-14  2.4e-15
 838      1.9686   0.0028712     13734 6303 13734     2    20      1
                   Group #1:     4578  862 4578                     5.1e-17  5.1e-17
                   Group #2:     4578 4579 4578                     1.5e-16  1.5e-16
                   Group #3:     4578  862 4578                     7.6e-14  2.8e-15
 839      1.9715   0.0028712     13752 6311 13752     2    20      1
                   Group #1:     4584  863 4584                     1.2e-16  1.2e-16
                   Group #2:     4584 4585 4584                           0        0
                   Group #3:     4584  863 4584                     2.8e-14    2e-15
 840      1.9744   0.0028712     13770 6319 13770     2    20      1
                   Group #1:     4590  864 4590                     1.2e-16  1.2e-16
                   Group #2:     4590 4591 4590                     1.5e-16  1.5e-16
                   Group #3:     4590  864 4590                     1.3e-14  3.3e-15
 841      1.9769   0.0025841     13785 6326 13785     2    20      1
                   Group #1:     4595  865 4595                     1.3e-16  1.3e-16
                   Group #2:     4595 4596 4595                           0        0
                   Group #3:     4595  865 4595                     3.9e-14  2.5e-15
 842      1.9785     0.00153     13800 6333 13800     2    20      1
                   Group #1:     4600  866 4600                     5.5e-17  5.5e-17
                   Group #2:     4600 4601 4600                           0        0
                   Group #3:     4600  866 4600                     2.2e-13  1.9e-15
 843        1.98     0.00153 out 13815 6340 13815     2    20      1
                   Group #1:     4605  867 4605                     2.1e-17  2.1e-17
                   Group #2:     4605 4606 4605                           0        0
                   Group #3:     4605  867 4605                     3.2e-14  3.5e-15
 844      1.9815     0.00153     13830 6347 13830     2    20      1
                   Group #1:     4610  868 4610                     4.9e-17  4.9e-17
                   Group #2:     4610 4611 4610                           0        0
                   Group #3:     4610  868 4610                     1.1e-13  1.8e-15
 845      1.9831     0.00153     13845 6354 13845     2    20      1
                   Group #1:     4615  869 4615                       2e-17    2e-17
                   Group #2:     4615 4616 4615                           0        0
                   Group #3:     4615  869 4615                     1.6e-13  8.8e-16
 846      1.9846     0.00153     13860 6361 13860     2    20      1
                   Group #1:     4620  870 4620                       5e-17    5e-17
                   Group #2:     4620 4621 4620                           0        0
                   Group #3:     4620  870 4620                     2.2e-14  1.2e-15
 847      1.9861     0.00153     13875 6368 13875     2    20      1
                   Group #1:     4625  871 4625                     5.3e-17  5.3e-17
                   Group #2:     4625 4626 4625                           0        0
                   Group #3:     4625  871 4625                     1.7e-13  1.7e-15
 848      1.9876     0.00153     13890 6375 13890     2    20      1
                   Group #1:     4630  872 4630                     3.8e-16  3.8e-16
                   Group #2:     4630 4631 4630                           0        0
                   Group #3:     4630  872 4630                     1.5e-13  2.9e-15
 849      1.9892     0.00153     13905 6382 13905     2    20      1
                   Group #1:     4635  873 4635                     8.1e-18  8.1e-18
                   Group #2:     4635 4636 4635                           0        0
                   Group #3:     4635  873 4635                     4.5e-14    2e-15
 850      1.9907     0.00153     13920 6389 13920     2    20      1
                   Group #1:     4640  874 4640                     1.9e-16  1.9e-16
                   Group #2:     4640 4641 4640                           0        0
                   Group #3:     4640  874 4640                     7.3e-14    3e-15
 851      1.9922     0.00153     13935 6396 13935     2    20      1
                   Group #1:     4645  875 4645                     5.3e-17  5.3e-17
                   Group #2:     4645 4646 4645                           0        0
                   Group #3:     4645  875 4645                     5.9e-14  1.8e-15
 852      1.9938     0.00153     13950 6403 13950     2    20      1
                   Group #1:     4650  876 4650                     4.9e-17  4.9e-17
                   Group #2:     4650 4651 4650                           0        0
                   Group #3:     4650  876 4650                     1.2e-13  2.3e-15
 853      1.9968   0.0030599     13965 6410 13965     2    20      1
                   Group #1:     4655  877 4655                     9.6e-17  9.6e-17
                   Group #2:     4655 4656 4655                           0        0
                   Group #3:     4655  877 4655                     3.1e-14  3.4e-15
 854      1.9984   0.0015852     13980 6417 13980     2    20      1
                   Group #1:     4660  878 4660                     1.8e-16  1.8e-16
                   Group #2:     4660 4661 4660                           0        0
                   Group #3:     4660  878 4660                     7.6e-14  2.5e-15
 855           2   0.0015852 out 13995 6424 13995     2    20      1
                   Group #1:     4665  879 4665                     2.1e-16  2.1e-16
                   Group #2:     4665 4666 4665                           0        0
                   Group #3:     4665  879 4665                     4.8e-14  1.4e-15
Solution time: 702 s. (11 minutes, 42 seconds)
Physical memory: 1.35 GB
Virtual memory: 1.55 GB
Ended at Sep 20, 2023, 12:21:31 AM.
----- Time-Dependent Solver 1 in Study 1/Solution 1 (sol1) -------------------->
